labelled: 125   text=46  partial=38  speckle=41

label         n    mean     p25  median     p75
text         46   0.922   0.902   0.936   0.953
partial      38   0.782   0.743   0.824   0.891
speckle      41   0.574   0.414   0.588   0.752

=== text vs rest ===
AUC = 0.918   (0.5 = worthless, 1.0 = perfect)
 thresh   TP   FP   FN   prec  recall     F1
  0.300   46   71    0  0.393   1.000  0.564
  0.325   46   71    0  0.393   1.000  0.564
  0.350   46   69    0  0.400   1.000  0.571
  0.375   46   68    0  0.404   1.000  0.575
  0.400   46   67    0  0.407   1.000  0.579
  0.425   46   66    0  0.411   1.000  0.582
  0.450   46   64    0  0.418   1.000  0.590
  0.475   46   63    0  0.422   1.000  0.594
  0.500   46   63    0  0.422   1.000  0.594
  0.525   46   60    0  0.434   1.000  0.605
  0.550   46   57    0  0.447   1.000  0.617
  0.575   46   55    0  0.455   1.000  0.626
  0.600   46   53    0  0.465   1.000  0.634
  0.625   46   52    0  0.469   1.000  0.639
  0.650   46   51    0  0.474   1.000  0.643
  0.675   46   49    0  0.484   1.000  0.652
  0.700   46   44    0  0.511   1.000  0.676
  0.725   45   42    1  0.517   0.978  0.677
  0.750   45   40    1  0.529   0.978  0.687
  0.775   45   36    1  0.556   0.978  0.709
  0.800   45   31    1  0.592   0.978  0.738
  0.825   45   26    1  0.634   0.978  0.769
  0.850   42   20    4  0.677   0.913  0.778
  0.875   41   17    5  0.707   0.891  0.788
  0.900   36    9   10  0.800   0.783  0.791
  0.925   27    4   19  0.871   0.587  0.701
  0.950   13    2   33  0.867   0.283  0.426
  0.975    2    1   44  0.667   0.043  0.082
best F1 = 0.791 at thresh 0.900 (precision 0.800, recall 0.783)

=== text+partial vs speckle ===
AUC = 0.874   (0.5 = worthless, 1.0 = perfect)
 thresh   TP   FP   FN   prec  recall     F1
  0.300   83   34    1  0.709   0.988  0.826
  0.325   83   34    1  0.709   0.988  0.826
  0.350   82   33    2  0.713   0.976  0.824
  0.375   82   32    2  0.719   0.976  0.828
  0.400   82   31    2  0.726   0.976  0.832
  0.425   82   30    2  0.732   0.976  0.837
  0.450   82   28    2  0.745   0.976  0.845
  0.475   82   27    2  0.752   0.976  0.850
  0.500   82   27    2  0.752   0.976  0.850
  0.525   80   26    4  0.755   0.952  0.842
  0.550   80   23    4  0.777   0.952  0.856
  0.575   80   21    4  0.792   0.952  0.865
  0.600   79   20    5  0.798   0.940  0.863
  0.625   79   19    5  0.806   0.940  0.868
  0.650   79   18    5  0.814   0.940  0.873
  0.675   79   16    5  0.832   0.940  0.883
  0.700   77   13    7  0.856   0.917  0.885
  0.725   75   12    9  0.862   0.893  0.877
  0.750   73   12   11  0.859   0.869  0.864
  0.775   71   10   13  0.877   0.845  0.861
  0.800   67    9   17  0.882   0.798  0.838
  0.825   64    7   20  0.901   0.762  0.826
  0.850   59    3   25  0.952   0.702  0.808
  0.875   55    3   29  0.948   0.655  0.775
  0.900   43    2   41  0.956   0.512  0.667
  0.925   30    1   54  0.968   0.357  0.522
  0.950   14    1   70  0.933   0.167  0.283
  0.975    2    1   82  0.667   0.024  0.046
best F1 = 0.885 at thresh 0.700 (precision 0.856, recall 0.917)

corpus implication (12387 windows, tiled from 46764):
  >= 0.750      4696    37.91%   CI95 [37.06%, 38.77%]
  >= 0.800      2997    24.19%   CI95 [23.45%, 24.96%]
  >= 0.850      1536    12.40%   CI95 [11.83%, 12.99%]
  >= 0.875       938     7.57%   CI95 [7.12%, 8.05%]
  >= 0.900       490     3.96%   CI95 [3.63%, 4.31%]
  >= 0.950        47     0.38%   CI95 [0.29%, 0.50%]

per scroll at the calibrated threshold 0.900:
scroll          windows   text     pct              CI95
PHerc1667           307     29   9.45%   [6.66%, 13.24%]
PHerc0814            13      1   7.69%   [1.37%, 33.31%]
PHercParis4        7933    439   5.53%    [5.05%, 6.06%]
PHerc0172          3710     20   0.54%    [0.35%, 0.83%]
PHerc0139           396      1   0.25%    [0.04%, 1.42%]
PHerc0343P            8      0   0.00%   [0.00%, 32.44%]
PHerc0500P2          20      0   0.00%   [0.00%, 16.11%]

predictions with >= 20 tiled windows: 170   with no readable window at all: 88 (51.8%)
