labelled: 125   text=46  partial=38  speckle=41

label         n    mean     p25  median     p75
text         46   0.922   0.902   0.936   0.953
partial      38   0.782   0.743   0.824   0.891
speckle      41   0.462   0.000   0.537   0.750

=== text vs rest ===
AUC = 0.931   (0.5 = worthless, 1.0 = perfect)
 thresh   TP   FP   FN   prec  recall     F1
  0.300   46   65    0  0.414   1.000  0.586
  0.325   46   65    0  0.414   1.000  0.586
  0.350   46   63    0  0.422   1.000  0.594
  0.375   46   63    0  0.422   1.000  0.594
  0.400   46   63    0  0.422   1.000  0.594
  0.425   46   62    0  0.426   1.000  0.597
  0.450   46   61    0  0.430   1.000  0.601
  0.475   46   60    0  0.434   1.000  0.605
  0.500   46   60    0  0.434   1.000  0.605
  0.525   46   57    0  0.447   1.000  0.617
  0.550   46   54    0  0.460   1.000  0.630
  0.575   46   52    0  0.469   1.000  0.639
  0.600   46   50    0  0.479   1.000  0.648
  0.625   46   49    0  0.484   1.000  0.652
  0.650   46   48    0  0.489   1.000  0.657
  0.675   46   46    0  0.500   1.000  0.667
  0.700   46   42    0  0.523   1.000  0.687
  0.725   45   41    1  0.523   0.978  0.682
  0.750   45   39    1  0.536   0.978  0.692
  0.775   45   35    1  0.562   0.978  0.714
  0.800   45   30    1  0.600   0.978  0.744
  0.825   45   25    1  0.643   0.978  0.776
  0.850   42   19    4  0.689   0.913  0.785
  0.875   41   16    5  0.719   0.891  0.796
  0.900   36    8   10  0.818   0.783  0.800
  0.925   27    3   19  0.900   0.587  0.711
  0.950   13    1   33  0.929   0.283  0.433
  0.975    2    0   44  1.000   0.043  0.083
best F1 = 0.800 at thresh 0.900 (precision 0.818, recall 0.783)

=== text+partial vs speckle ===
AUC = 0.906   (0.5 = worthless, 1.0 = perfect)
 thresh   TP   FP   FN   prec  recall     F1
  0.300   83   28    1  0.748   0.988  0.851
  0.325   83   28    1  0.748   0.988  0.851
  0.350   82   27    2  0.752   0.976  0.850
  0.375   82   27    2  0.752   0.976  0.850
  0.400   82   27    2  0.752   0.976  0.850
  0.425   82   26    2  0.759   0.976  0.854
  0.450   82   25    2  0.766   0.976  0.859
  0.475   82   24    2  0.774   0.976  0.863
  0.500   82   24    2  0.774   0.976  0.863
  0.525   80   23    4  0.777   0.952  0.856
  0.550   80   20    4  0.800   0.952  0.870
  0.575   80   18    4  0.816   0.952  0.879
  0.600   79   17    5  0.823   0.940  0.878
  0.625   79   16    5  0.832   0.940  0.883
  0.650   79   15    5  0.840   0.940  0.888
  0.675   79   13    5  0.859   0.940  0.898
  0.700   77   11    7  0.875   0.917  0.895
  0.725   75   11    9  0.872   0.893  0.882
  0.750   73   11   11  0.869   0.869  0.869
  0.775   71    9   13  0.887   0.845  0.866
  0.800   67    8   17  0.893   0.798  0.843
  0.825   64    6   20  0.914   0.762  0.831
  0.850   59    2   25  0.967   0.702  0.814
  0.875   55    2   29  0.965   0.655  0.780
  0.900   43    1   41  0.977   0.512  0.672
  0.925   30    0   54  1.000   0.357  0.526
  0.950   14    0   70  1.000   0.167  0.286
  0.975    2    0   82  1.000   0.024  0.047
best F1 = 0.898 at thresh 0.675 (precision 0.859, recall 0.940)

corpus implication (12387 windows, tiled from 46764):
  >= 0.750      4637    37.43%   CI95 [36.59%, 38.29%]
  >= 0.800      2964    23.93%   CI95 [23.19%, 24.69%]
  >= 0.850      1519    12.26%   CI95 [11.70%, 12.85%]
  >= 0.875       932     7.52%   CI95 [7.07%, 8.00%]
  >= 0.900       486     3.92%   CI95 [3.60%, 4.28%]
  >= 0.950        47     0.38%   CI95 [0.29%, 0.50%]

per scroll at the calibrated threshold 0.900:
scroll          windows   text     pct              CI95
PHerc1667           307     29   9.45%   [6.66%, 13.24%]
PHerc0814            13      1   7.69%   [1.37%, 33.31%]
PHercParis4        7933    435   5.48%    [5.00%, 6.01%]
PHerc0172          3710     20   0.54%    [0.35%, 0.83%]
PHerc0139           396      1   0.25%    [0.04%, 1.42%]
PHerc0343P            8      0   0.00%   [0.00%, 32.44%]
PHerc0500P2          20      0   0.00%   [0.00%, 16.11%]

predictions with >= 20 tiled windows: 170   with no readable window at all: 91 (53.5%)
